H,H_avg_TC,prod_inno,prod_imi,alive_firms_with_prod,TC_viewed,price_inno,price_imi
0.0,0.0,0.0,0.0,0.0,0.0,0.0,0.0
0.0,0.0,0.0,0.0,0.0,0.0,0.0,0.0
0.0,0.0,0.0,0.0,0.0,0.0,0.0,0.0
0.0,0.0,0.0,0.0,0.0,0.0,0.0,0.0
0.0,0.0,0.0,0.0,0.0,0.0,0.0,0.0
0.0,0.0,0.0,0.0,0.0,0.0,0.0,0.0
0.0,0.0,0.0,0.0,0.0,0.0,0.0,0.0
0.11220542526652974,0.9891481632732292,14.945999999999954,0.0,13.164999999999957,14.417999999999957,2.9573979828886237,0.0
0.07006021597137534,0.9820137254567889,25.107999999999898,0.0,21.106999999999896,23.744999999999894,2.9199543446996836,0.0
0.056399851730937,0.9796889762250037,31.999999999999968,0.0,25.99999999999988,30.188999999999986,2.901143296488331,0.0
0.05002619010823827,0.9786726113918083,36.867,0.0,29.09199999999991,34.742,2.888503143748346,0.0
0.04658186683567908,0.9793524094210034,40.34599999999989,0.0,31.01700000000001,38.114999999999995,2.8843764879487543,0.0
0.044393355904457386,0.9798068538746193,43.118999999999815,0.0,32.32900000000002,40.798999999999864,2.8814176544375227,0.0
0.04282409982887281,0.9803113219152985,45.42599999999984,0.0,33.31400000000005,43.01799999999992,2.8797786734157764,0.0
0.04179715309689949,0.9806810673743279,47.17799999999974,0.0,33.95799999999997,44.71699999999981,2.8779377080310296,0.0
0.04118481198713517,0.9800829399050229,49.33599999999979,0.0,34.57800000000002,46.64699999999978,2.873343550111403,0.0
0.041027854804438525,0.9787084759339906,51.93399999999972,0.0,34.968,48.867999999999775,2.8655710151828426,0.0
0.04125015992553668,0.9774711029198414,54.954999999999906,0.0,35.20799999999996,51.49499999999972,2.8579022066985025,0.0
0.041642730691098875,0.9750036485512544,58.6139999999999,0.0,35.37300000000004,54.50599999999983,2.8450608807172753,0.0
0.04209887803250513,0.9722977109972989,62.68500000000004,0.0,35.38,57.78699999999986,2.829221863188596,0.0
0.042733066366712015,0.9691049886413498,67.01099999999998,0.0,35.27000000000001,61.208000000000034,2.8110454926634647,0.0
0.04328909151252039,0.9657690207351567,71.72000000000007,0.0,35.17099999999999,64.8690000000001,2.7913469565704387,0.0
0.04367050324411026,0.9617537290341521,76.71899999999995,0.0,34.952999999999975,68.60000000000002,2.768909129905137,0.0
0.04410984528246584,0.9574378067875136,81.85799999999995,0.0,34.723999999999954,72.25600000000007,2.7432096044552883,0.0
0.04462522872406215,0.8176326476837165,87.05399999999982,126.96899999999991,38.64199999999989,76.26999999999987,2.5944195279597513,1.93650867432658
0.04644860754267443,0.7525730705383025,89.9799999999999,166.7959999999998,34.481,80.0309999999998,2.4760189381191635,1.619327731041331
0.048056344926715025,0.7140441577351906,93.64799999999966,195.34599999999983,32.758000000000045,83.6839999999998,2.377042739503587,1.4166271600291587
0.049692836610570126,0.6900330586464146,97.45899999999968,217.4889999999999,31.38099999999999,87.30899999999973,2.3045564508465297,1.2958214089490445
0.05139052550534591,0.6659815288997627,98.57799999999962,237.57000000000014,30.30999999999996,89.18799999999978,2.242981367094883,1.2319688173997718
0.05328336840354185,0.6440819007155485,99.43299999999965,260.0089999999997,29.441999999999922,90.69799999999982,2.192115147651594,1.1958597934625783
0.055177455514022755,0.6244285082866055,99.86699999999968,281.57299999999964,28.573999999999877,92.03599999999955,2.152671549650253,1.174708678505393
0.057172469637006826,0.6084119894338482,100.2119999999996,300.9090000000001,27.806999999999846,93.15599999999971,2.1204022345784788,1.1579455674516015
0.05916725710299982,0.592680931136367,100.54299999999965,318.8769999999997,27.07599999999989,94.20599999999979,2.092611147221102,1.1478670930987411
0.06118349398933095,0.5771510275589994,100.83699999999962,335.92199999999974,26.382999999999882,95.20999999999971,2.066162130389564,1.1421081991324442
0.06306320284638375,0.5601685618110732,101.05799999999955,352.4440000000005,25.800999999999856,96.13399999999967,2.0380867097562687,1.1406576953506056
0.06505943849204475,0.5423793867234145,101.38199999999962,367.67999999999967,25.231999999999886,97.04499999999966,2.0073738821268012,1.139810983864782
0.0674915299669356,0.5240993132309962,101.69899999999956,382.2240000000001,24.677999999999876,97.99599999999965,1.975388015807947,1.1396103911041797
0.0701581518924106,0.5042981160366308,102.0819999999996,397.9480000000003,24.158999999999875,98.89999999999964,1.9390774706131024,1.1400130460947084
0.07308657271337574,0.48452721851588615,102.40499999999967,412.61899999999997,23.68899999999987,99.77599999999953,1.9008292936147866,1.1393688036955492
0.07650415934003482,0.46503045068771526,102.90699999999968,427.01900000000006,23.242999999999867,100.66399999999952,1.8613326738876717,1.1373660522732978
0.0804337580129896,0.44523017393170017,103.4459999999996,442.41599999999966,22.84899999999987,101.55199999999981,1.820389093580991,1.1357353228284797
0.08483847123725971,0.4254106382851989,104.05999999999958,457.30599999999953,22.48999999999989,102.44499999999971,1.7779339949854474,1.1342304276093036
0.09025895182296584,0.40622828749102935,104.75499999999973,472.1929999999997,22.165999999999872,103.33899999999959,1.7349746920346079,1.1327605306432298
0.09617574066431064,0.3878741422528047,105.55999999999968,486.8779999999996,21.928999999999903,104.20699999999968,1.6924788332666794,1.1305663190939654
0.10309827703964726,0.3702817493092262,106.55599999999968,501.1200000000003,21.723999999999915,105.09399999999972,1.65069841069825,1.12848171225386
0.10995891852585614,0.3560216256749398,107.56399999999958,515.8140000000004,21.57099999999989,105.95099999999967,1.6141363033296443,1.1252765734242314
0.11660959474974683,0.3443160073104163,108.54599999999967,529.002000000001,21.44699999999989,106.73699999999953,1.582405058120664,1.121141333860887
0.12166537127598366,0.3350081137142236,109.67699999999981,541.3059999999997,21.349999999999905,107.5369999999995,1.5568477581082598,1.1172262405865359
0.1265009929264966,0.32792555362647546,110.78399999999975,552.2350000000004,21.229999999999908,108.3779999999996,1.5369738016798227,1.1139919107927816
0.13061051924505124,0.3218118837548168,111.80499999999968,562.3919999999994,21.124999999999897,109.16399999999969,1.5203646695434478,1.1116052595147476
0.13404332069598962,0.3168604546839113,112.93599999999962,571.3369999999998,21.033999999999928,109.93099999999954,1.506530309003708,1.1093433799494903
0.13717827058000726,0.3126555115365482,114.01999999999971,579.5310000000002,20.950999999999937,110.71499999999973,1.4953136874797324,1.1075871703106575
0.1405503644685405,0.3092173515932865,115.11799999999974,588.1279999999996,20.85999999999994,111.49499999999975,1.4859594078668754,1.106485283913001
0.14283084527647713,0.305713257259556,116.23099999999981,595.0810000000016,20.810999999999947,112.20499999999976,1.4771797911745665,1.1053454470931237
0.14538647909413557,0.3019765972018195,117.27299999999983,603.0089999999996,20.73699999999995,112.90599999999966,1.4686492615739568,1.1048592156476578
0.14842101189313733,0.2990239887992435,118.388,610.0329999999987,20.680999999999944,113.63499999999968,1.4609848786889024,1.1042685880669592
0.15099580253971837,0.29575760236220877,119.39999999999978,617.6610000000012,20.599999999999948,114.32399999999967,1.4538471807819402,1.103968441483859
0.15378818852472032,0.2928914257289517,120.45600000000002,624.4150000000009,20.546999999999947,115.00799999999977,1.447116162903429,1.103526902125016
0.15680316591320664,0.2903739650002151,121.55799999999996,631.1930000000002,20.50799999999994,115.66899999999987,1.4404910477259305,1.1029082725547166
0.15943385220203107,0.2875262503440643,122.59699999999992,638.4430000000016,20.46599999999995,116.30499999999984,1.4340093625439365,1.102531468586615
0.16160935034720622,0.28492811663942036,123.67699999999991,644.7369999999994,20.427999999999958,116.94099999999975,1.4275569885220254,1.1021921532194017
0.16430752438029708,0.28197856141489674,124.73799999999976,651.2080000000003,20.387999999999955,117.55299999999978,1.4209840225464505,1.1021031991235248
0.167617820795263,0.2795297510243771,125.83300000000007,658.4279999999998,20.369999999999955,118.18799999999976,1.4150561873176142,1.1017439637625221
0.16936083028575125,0.27690551025196597,126.85300000000008,664.458,20.319999999999954,118.77599999999973,1.4088406163979474,1.1014374953437487
0.17090662659008507,0.274761322505441,127.86499999999997,669.8929999999995,20.287999999999954,119.36699999999992,1.4035541654639574,1.101049011612323
0.1727774337672793,0.27245647189545835,128.97400000000007,675.4940000000012,20.260999999999957,119.95699999999981,1.398110956816044,1.1007451383031392
0.17535172454507114,0.27041802934392556,130.07999999999998,681.565999999999,20.232999999999958,120.55199999999972,1.393152716357939,1.1004116493151739
0.17772330758656968,0.268596952918955,131.15300000000002,686.9969999999998,20.20399999999996,121.1609999999999,1.3886140531412277,1.1001737337718842
0.18017673308226873,0.266571215928587,132.28800000000004,692.9099999999995,20.180999999999962,121.76199999999992,1.3843342068415958,1.1000699331791275
0.18287404948302804,0.26511175844917456,133.3670000000003,698.1289999999996,20.15899999999996,122.38199999999988,1.3805801206131094,1.0997407643655808
0.18448439646074916,0.2631294270160579,134.48400000000024,703.4789999999997,20.137999999999955,122.93800000000003,1.3759418740000686,1.0996012992656634
0.1861576794896743,0.2616187276394719,135.58200000000036,708.4170000000001,20.116999999999965,123.5100000000001,1.3719560032013212,1.099274582694377
0.1881669989852277,0.2601056563346617,136.6360000000001,714.0499999999992,20.09599999999997,124.0670000000001,1.368080321073755,1.0990793076368208
0.18998283788471804,0.2589247909212359,137.7570000000001,718.434,20.07499999999997,124.64700000000003,1.3647881038593395,1.0988623275496658
0.19145789398397497,0.25747237947626606,138.80900000000014,723.2640000000001,20.061999999999966,125.18499999999993,1.361339713025982,1.098668249475443
0.19329435785402532,0.2564843729608038,139.9450000000002,728.4879999999995,20.041999999999966,125.779,1.3584937069284517,1.098501391508119
0.19522970425157596,0.2551934935394368,141.008,733.3110000000004,20.017999999999965,126.31500000000003,1.3553573283730316,1.0983309589094723
0.1973141812805059,0.25452299677217877,142.06100000000023,737.806,19.982999999999976,126.90000000000009,1.3535580099867366,1.098164165747966
0.1988921570171052,0.2536902575860318,143.16400000000027,742.0759999999985,19.963999999999974,127.45000000000007,1.3511995260513892,1.0979643675191206
0.1999556051563984,0.252598982307953,144.18800000000027,746.5770000000001,19.94499999999998,127.96300000000015,1.3487495470902218,1.097785035472072
0.20171836332615742,0.2517937952934473,145.28200000000015,751.1430000000001,19.925999999999974,128.50100000000006,1.346434802037669,1.0976776792910359
0.20338845843725645,0.2512152055049546,146.39700000000013,755.4619999999996,19.911999999999967,129.07800000000017,1.3450130799510307,1.0975666671328723
0.2056374443754614,0.2504832265480582,147.46199999999996,759.693,19.89499999999997,129.5720000000001,1.342832660741089,1.0972883595343654
0.20686070623713737,0.249691817736574,148.54799999999994,764.2530000000007,19.880999999999972,130.09999999999997,1.3411024793652557,1.0972400109722515
0.20855564467603152,0.24881118886288148,149.58100000000013,768.5469999999999,19.863999999999972,130.59200000000016,1.3390573009398454,1.0971554272145438
0.2096367810625067,0.2481965853857625,150.6369999999997,772.9960000000001,19.848999999999975,131.13400000000027,1.337462749711657,1.0971487426782374
0.21057615021417955,0.24739959015278895,151.67500000000013,776.4630000000005,19.819999999999965,131.65800000000033,1.3356945358375123,1.097101729094055
0.21182823579014107,0.24678916581088092,152.77800000000008,780.6009999999997,19.80699999999997,132.1820000000002,1.334004151330985,1.0969496332000068
0.21400109622843572,0.24609015367992135,153.84400000000008,784.91,19.787999999999972,132.68800000000005,1.3322752861130742,1.096785215719516
0.21518193964042426,0.24542078155172806,154.84200000000004,788.9309999999988,19.773999999999965,133.1699999999999,1.3304643201409234,1.0967052908463004
0.2161102590177745,0.24453146771906206,155.96000000000004,793.4530000000002,19.762999999999966,133.665,1.3283068332706685,1.0966986265905225
0.21777012393008702,0.24400918952166498,157.06800000000013,797.3589999999995,19.741999999999965,134.171,1.3267698280000104,1.0966048423478507
0.21896638916603417,0.24339698880957683,158.07200000000017,801.1880000000001,19.714999999999975,134.65200000000004,1.3252025816057775,1.0966021716735523
0.22011971866955068,0.24286797793151457,159.19700000000017,804.9700000000006,19.693999999999967,135.13100000000003,1.323575019837846,1.0964113590881155
0.2214191102288421,0.24247393527912356,160.26700000000008,808.1889999999997,19.682999999999975,135.64000000000013,1.322611257868556,1.096312464015224
0.22298540959849536,0.24204041883810334,161.31699999999992,811.7090000000011,19.662999999999975,136.12800000000016,1.321468951405025,1.0962727852269407
0.22474251069299497,0.24156676469383473,162.37200000000016,815.3759999999995,19.64499999999997,136.57600000000008,1.3198127270664357,1.0961631894372799
0.2255501739419957,0.24102818625688754,163.45699999999997,818.8730000000002,19.626999999999967,137.04400000000015,1.3185802908663606,1.0961252157054242
0.22730381452501616,0.24041767778913864,164.52300000000037,822.7990000000001,19.610999999999972,137.5010000000003,1.3171014202911198,1.0960835635868142
0.22903270048922422,0.23980258704282864,165.5990000000001,826.3979999999998,19.593999999999976,137.9550000000003,1.3156216207444293,1.096078493056152
